12,10
13,123
13,122
13,121
13,120
4294967278,387
13,119
13,118
13,117
4294967278,386
4294967278,385
13,116
13,115
13,114
13,113
11,191
13,112
13,111
13,110
4294967279,452
4294967278,384
4294967279,451
4294967278,383
4294967279,450
4294967279,449
4294967278,382
4294967279,448
4294967279,447
13,109
13,108
13,107
13,106
13,105
13,104
13,103
13,102
13,101
13,100
13,99
13,98
13,97
13,96
13,95
4294967279,446
13,94
4294967279,445
4294967279,444
13,93
13,92
13,91
13,90
13,89
13,88
13,87
13,86
4294967278,381
13,85
13,84
13,83
13,82
13,81
13,80
13,79
13,78
13,77
13,76
13,75
13,74
13,73
13,72
13,71
13,70
13,69
13,68
13,67
13,66
13,65
13,64
13,40
13,39
13,38
13,37
13,36
13,35
13,34
13,33
13,32
13,31
13,30
13,29
13,28
11,190
11,189
11,188
11,187
11,186
11,185
11,184
11,183
12,9
12,8
12,7
4294967278,380
4294967279,443
4294967278,379
4294967279,442
4294967278,378
4294967278,377
4294967279,441
4294967278,376
4294967279,440
4294967279,439
4294967278,375
4294967278,374
4294967279,438
4294967278,373
4294967278,372
4294967278,371
13,27
4294967278,370
4294967278,369
4294967279,437
4294967278,368
4294967278,367
4294967278,366
13,26
13,25
13,24
11,182
11,181
11,180
11,179
11,178
11,177
11,176
11,175
11,174
11,173
11,172
11,171
11,170
11,169
11,168
11,167
11,166
11,165
11,164
11,163
11,162
11,161
11,160
11,159
11,158
11,157
11,156
11,155
11,154
4294967279,436
11,153
11,152
11,151
11,150
11,149
11,148
11,147
11,146
11,145
11,144
11,143
11,142
4294967279,435
11,141
11,140
11,139
11,138
11,137
11,136
11,135
11,134
11,133
11,132
11,131
11,130
11,129
11,128
11,127
11,126
11,125
11,124
4294967279,434
4294967278,365
4294967278,364
4294967278,363
13,23
13,22
4294967278,362
4294967278,361
13,21
11,123
11,122
11,121
11,120
11,119
11,118
11,117
11,116
11,115
11,114
11,113
4294967279,433
4294967279,432
4294967278,360
4294967279,431
4294967279,430
4294967279,429
13,20
13,19
4294967279,428
4294967278,359
11,112
11,111
11,110
11,109
11,108
11,107
11,106
11,105
11,104
11,103
11,102
11,101
13,18
13,17
11,100
11,99
11,98
11,97
13,16
13,15
13,14
11,96
11,95
11,94
13,13
13,12
13,11
13,10
13,9
11,93
11,92
11,91
11,90
11,89
11,88
11,87
11,86
11,85
11,84
11,83
11,82
11,81
11,80
11,79
11,78
11,77
11,76
11,75
11,74
11,73
11,72
11,71
11,70
4294967278,358
4294967279,427
4294967278,357
4294967279,426
4294967279,425
4294967278,356
4294967279,424
4294967278,355
4294967279,423
4294967278,354
4294967279,422
4294967278,353
4294967279,421
4294967278,352
11,69
11,68
11,67
11,66
11,65
11,64
11,38
11,37
11,36
11,35
11,34
11,33
11,32
11,31
11,30
11,29
11,28
11,27
11,26
11,25
11,24
11,23
11,22
11,21
11,20
11,19
11,18
11,17
11,16
11,15
11,14
4294967278,351
4294967278,350
4294967279,420
11,13
4294967279,419
4294967278,349
4294967279,418
11,12
11,11
4294967279,417
4294967279,416
4294967278,348
4294967279,415
4294967278,347
4294967278,346
11,10
11,9
4294967279,414
4294967278,345
4294967279,413
4294967279,412
4294967279,411
4294967279,410
11,8
4294967278,344
4294967279,409
4294967278,343
11,7
4294967278,342
4294967279,408
4294967278,341
4294967278,340
4294967278,339
4294967279,407
4294967278,338
4294967279,406
4294967278,337
4294967279,405
4294967278,336
4294967279,404
4294967278,335
4294967279,403
4294967278,334
4294967279,402
4294967278,333
4294967278,332
4294967278,331
4294967279,401
4294967279,400
4294967279,399
4294967278,330
4294967278,329
4294967279,398
4294967278,328
4294967279,397
4294967278,327
4294967279,396
4294967278,326
4294967279,395
4294967278,325
4294967279,394
4294967278,324
4294967279,393
4294967278,323
4294967279,392
4294967278,322
4294967279,391
4294967278,321
4294967279,390
4294967278,320
4294967279,389
4294967278,319
4294967279,388
4294967278,318
4294967279,387
4294967278,317
4294967279,386
4294967278,316
4294967279,385
4294967278,315
4294967279,384
4294967278,314
4294967279,319
4294967278,313
4294967279,318
4294967278,312
4294967279,317
4294967278,311
4294967279,316
4294967278,310
4294967279,315
4294967278,309
4294967279,314
4294967278,308
4294967279,313
4294967278,307
4294967279,312
4294967278,306
4294967279,311
4294967278,305
4294967279,310
4294967278,304
4294967279,309
4294967278,303
4294967279,308
4294967278,302
4294967279,307
4294967278,301
4294967279,306
